<tab:stat_year_firstlast>
           9057.6055	           7702.2022	           6566.0833	           7937.9408	           7811.8364	           6593.3159	           8218.3575
           9736.0117	           8631.9350	           7585.0234	           9034.8079	           8742.5112	           7631.6426	           9347.6641
              0.6657	              0.8350	              0.8094	              0.7779	              0.7862	              0.7309	              0.7314
              1.9022	              2.7184	              3.1455	              2.0531	              2.1499	              1.9116	              2.1495
              8.3309	              8.1913	              8.0063	              8.1686	              8.2082	              8.0152	              8.2035
              1.4848	              1.4159	              1.4427	              1.4771	              1.4144	              1.4403	              1.4764
             -1.4230	             -1.1640	             -1.2068	             -1.2084	             -1.2302	             -1.3099	             -1.2815
              1.3962	              1.3870	              1.4168	              1.3652	              1.3849	              1.4162	              1.3590
         155214.0000	          24446.0000	          24446.0000	          24446.0000	          19011.0000	          19011.0000	          19011.0000
