<tab:stat_year>
          10783.9761	           9227.1157	           8029.6822	           9664.1641	           9500.1312	           8196.0873	          10150.1148
          10504.7033	           9582.0421	           8628.2417	          10049.2314	           9793.8852	           8807.2817	          10406.9900
              0.2373	              0.3296	              0.3564	              0.2873	              0.3041	              0.3148	              0.2547
              0.6163	              1.2988	              1.7129	              0.6230	              0.7001	              0.6614	              0.5416
              8.5843	              8.4158	              8.2547	              8.4153	              8.4481	              8.2783	              8.4713
              1.4260	              1.3970	              1.4169	              1.4682	              1.3954	              1.4124	              1.4643
             -2.2880	             -1.9555	             -1.8735	             -2.0729	             -2.0236	             -1.9729	             -2.1751
              1.2807	              1.2881	              1.2915	              1.2778	              1.2782	              1.2743	              1.2620
         367914.0000	          62200.0000	          62200.0000	          62200.0000	          47683.0000	          47683.0000	          47683.0000
