<tab:top_30clus_year_second>
          24036.8973
          23098.5647
          20365.9841
          17205.7678
          10701.5958
           9094.5910
           8517.6400
           7741.3603
           7697.7170
           7522.6288
           7330.9625
           6722.1279
           5987.3644
           4263.2402
           3887.6381
           3884.6211
           3763.8731
           3277.0929
           3192.1925
           3168.6609
           2996.3544
           2927.3606
           2904.3407
           2814.6991
           2580.6167
           2501.0980
           2371.2224
           2253.1002
           2180.6833
           2010.0230
