<tab:top_30clus_year_firstlast>
          24574.6154
          23470.6675
          20655.1387
          17407.3241
          10457.8347
           9180.1938
           8683.6416
           7780.3341
           7765.8758
           7753.8246
           7425.3680
           6832.9514
           6077.6528
           4288.8163
           3981.5679
           3913.9849
           3777.1117
           3304.9202
           3244.9601
           3225.3073
           3053.1218
           2966.2643
           2961.7283
           2836.6628
           2607.1800
           2558.7627
           2421.6814
           2279.2645
           2225.1257
           2029.8019
