<tab:top_30clus_year>
          21791.8819
          20509.1923
          17884.9091
          15251.2701
           8935.8093
           7969.3158
           7230.0774
           6791.3344
           6780.4164
           6464.6565
           6002.4309
           5561.7127
           5079.1593
           3651.2140
           3477.7776
           3312.7032
           3228.4222
           2850.0136
           2763.8591
           2740.1217
           2633.5534
           2529.3348
           2459.7590
           2451.4772
           2352.6200
           2231.8053
           2161.5037
           1920.2259
           1893.2970
           1740.6455
