<tab:top_gen_mesh_dis>
            223.8456	              3.3621	              3.3621
            133.3687	              2.0031	              5.3652
            125.5762	              1.8861	              7.2513
            110.2723	              1.6562	              8.9075
             65.6460	              0.9860	              9.8935
             63.4683	              0.9533	             10.8468
             53.1750	              0.7987	             11.6454
             43.2810	              0.6501	             12.2955
             43.1183	              0.6476	             12.9431
             39.7274	              0.5967	             13.5398
             39.6060	              0.5949	             14.1346
             39.5159	              0.5935	             14.7282
             37.9659	              0.5702	             15.2984
             33.2091	              0.4988	             15.7972
             28.9702	              0.4351	             16.2323
             26.3107	              0.3952	             16.6275
             25.5734	              0.3841	             17.0116
             25.3825	              0.3812	             17.3928
             25.2607	              0.3794	             17.7722
             24.7131	              0.3712	             18.1434
                   .	           6658.0000	                   .
