<tab:inst_msa_if_wt_year>
              1.6306
              1.0162
              0.7143
              0.2917
              0.1540
              1.1537
              0.7231
              0.4466
              0.0670
              0.0644
              0.5355
              0.3528
              0.3158
              0.2744
              0.2254
              0.8362
              0.0736
              0.0357
              0.0336
              0.0288
              0.5045
              0.2074
              0.2048
              0.0467
              0.0417
              0.3333
              0.2587
              0.1208
              0.0880
              0.0370
              0.5847
              0.0482
              0.0105
              0.0047
              0.0046
              0.3858
              0.1059
              0.0351
              0.0211
              0.0188
              0.4086
              0.0427
              0.0289
              0.0287
              0.0173
              0.2363
              0.2259
              0.0361
              0.0354
              0.0300
