<tab:inst_msa_if_wt_year_firstlast>
              4.5604
              2.8697
              1.9362
              0.8869
              0.4071
              3.0957
              1.9653
              1.1521
              0.1753
              0.1722
              1.3856
              0.9675
              0.8372
              0.8236
              0.6189
              2.0850
              0.2093
              0.0830
              0.0828
              0.0765
              1.3885
              0.5718
              0.5527
              0.1332
              0.1136
              0.8181
              0.6042
              0.3373
              0.2102
              0.1292
              1.6879
              0.0985
              0.0162
              0.0151
              0.0117
              1.0220
              0.2523
              0.0867
              0.0732
              0.0563
              1.0443
              0.1102
              0.0749
              0.0617
              0.0440
              0.6632
              0.6169
              0.0799
              0.0664
              0.0578
